0

(5,3),(6,3),(5,4),(6,4),(7,3),(7,4),(8,3),(8,4),(9,3),(9,4),(10,3),(10,4),

1

(12,3),(13,3),(12,4),(13,4),(12,5),(13,5),(12,6),(13,6),(14,6),(12,7),(13,7),(14,7),(15,7),(16,7),(17,7),

2

(15,3),(16,3),(15,4),(16,4),(17,3),(17,4),(16,5),(17,5),(18,3),(18,4),(18,5),(19,3),(19,4),(19,5),

3

(21,3),(22,3),(21,4),(22,4),(23,3),(23,4),(21,5),(22,5),(23,5),(24,3),(24,4),(24,5),(25,3),(25,4),(25,5),(26,3),(26,4),(26,5),

4

(28,3),(29,3),(28,4),(29,4),(30,3),(30,4),(31,3),(31,4),(32,3),(32,4),(33,3),(33,4),(34,3),(34,4),(35,3),(35,4),(36,3),(36,4),

5

(38,3),(39,3),(38,4),(39,4),(40,3),(40,4),(38,5),(39,5),(40,5),(41,3),(41,4),(41,5),(38,6),(39,6),(40,6),(41,6),(42,3),(42,4),(42,5),(42,6),(43,3),(43,5),(43,6),(44,3),(44,5),(44,6),(45,3),

6

(73,3),(74,3),(73,4),(74,4),(75,3),(75,4),(73,5),(74,5),(75,5),(76,4),(73,6),(74,6),

7

(51,5),(52,5),(50,6),(53,6),(49,6),(54,7),(55,7),(54,8),(55,8),(56,7),(56,8),(57,8),

8

(3,6),(4,6),(3,7),(4,7),(5,6),(5,7),(6,6),(6,7),(7,6),(7,7),(8,6),(8,7),(9,6),(9,7),(10,6),(10,7),

9

(28,6),(29,6),(28,7),(29,7),(30,6),(30,7),(31,6),(31,7),(32,6),(32,7),(33,6),(33,7),(34,6),(34,7),(35,6),(35,7),(36,6),(36,7),

10

(46,6),(47,6),(46,7),(47,7),(47,8),(48,8),(49,8),(50,8),

11

(68,6),(69,6),(67,7),(68,7),(69,7),(70,6),(70,7),(66,8),(67,8),(68,8),(69,8),(70,8),(71,6),(71,7),(71,8),(65,8),(64,8),

12

(19,7),(20,7),(19,8),(20,8),(21,7),(21,8),(19,9),(20,9),(21,9),(22,7),(22,8),(22,9),(23,7),(23,8),(23,9),(24,7),(24,8),(24,9),(25,7),(25,8),(25,9),(26,7),(26,8),(26,9),

13

(38,8),(39,8),(40,8),(40,9),(41,8),(41,9),(42,8),(42,9),(43,8),(43,9),(44,8),(44,9),(45,9),

14

(2,9),(3,9),(2,10),(3,10),(4,9),(4,10),(3,11),(4,11),(5,9),(5,10),(5,11),(3,12),(4,12),(5,12),(6,9),(6,10),(6,11),(6,12),(3,13),(4,13),(5,13),(4,14),

15

(8,9),(9,9),(8,10),(9,10),(10,9),(10,10),(11,9),(11,10),(12,9),(12,10),(13,9),(13,10),

16

(15,9),(16,9),(15,10),(16,10),(17,9),(17,10),(17,11),(18,11),(18,12),(19,11),(19,12),(19,13),(20,11),(20,12),(20,13),(20,14),(21,11),(21,12),(21,13),(21,14),

17

(28,9),(29,9),(30,9),(31,9),(32,9),(32,10),(33,9),(33,10),(34,9),(34,10),(35,9),(35,10),(36,9),(36,10),(37,10),(38,10),

18

(48,10),(49,10),(49,11),(50,10),(50,11),

19

(52,10),(53,10),(52,11),(53,11),(54,10),(54,11),(55,10),

20

(57,10),(58,10),(59,10),(60,10),(61,10),

21

(63,10),(64,10),(65,10),(66,10),(67,10),

22

(69,10),(70,10),

23

(23,11),(24,11),(23,12),(24,12),(25,11),(25,12),(23,13),(24,13),(25,13),(26,11),(26,12),(26,13),(23,14),(24,14),(25,14),(26,14),(27,11),(27,12),(27,13),(27,14),(28,11),(28,12),(28,13),(28,14),(29,11),(29,12),(29,13),(29,14),(30,11),(30,12),(30,13),(30,14),

24

(41,11),(42,11),(41,12),(42,12),(43,11),(43,12),(42,13),(43,13),(44,11),(44,12),(44,13),(43,14),(44,14),(45,11),(45,12),(45,13),(45,14),(46,11),(46,12),(46,13),(46,14),(47,12),(47,13),(47,14),(48,13),(48,14),

25

(8,12),(9,12),(9,13),(10,12),(10,13),(10,14),(11,12),(11,13),(11,14),(12,12),(12,13),(12,14),(12,15),(13,12),(13,13),(13,14),(13,15),(13,16),

26

(15,12),(15,13),(16,13),(15,14),(16,14),(17,14),

27

(32,12),(33,12),(32,13),(33,13),(34,12),(34,13),(32,14),(33,14),(34,14),(35,12),(35,13),(35,14),(36,12),(36,13),(36,14),(37,12),(37,13),(37,14),(38,12),(38,13),(38,14),(39,12),(39,13),(39,14),(40,14),

28

(56,12),(57,12),(55,13),(56,13),(57,13),(58,12),(58,13),(54,13),(53,13),(52,13),(51,13),(50,13),

29

(60,12),(61,12),(62,12),

30

(64,12),(65,12),(64,13),(65,13),(66,12),(66,13),(67,12),(67,13),

31

(69,12),(69,13),

32

(7,14),(6,15),(7,15),(8,15),(5,16),(6,16),(7,16),(8,16),(9,16),(7,17),(8,17),(9,17),(10,16),(10,17),(9,18),(10,18),(11,17),(11,18),(12,18),

33

(50,15),(51,15),(52,15),(53,15),(54,15),(55,15),(56,15),(57,15),(58,15),

34

(60,15),(61,15),(62,15),(63,15),(64,15),(65,15),(66,15),(66,16),(67,15),(67,16),(68,15),(69,15),

35

(15,16),(16,16),(15,17),(16,17),(17,16),(17,17),(14,18),(15,18),(16,18),(17,18),(18,16),(18,17),(18,18),(14,19),(15,19),(16,19),(17,19),(18,19),(19,16),(19,17),(19,18),(19,19),(20,16),(20,17),(20,18),(20,19),(21,16),(21,17),(21,18),(21,19),

36

(23,16),(24,16),(23,17),(24,17),(25,16),(25,17),(23,18),(24,18),(25,18),(26,16),(26,17),(26,18),(23,19),(24,19),(27,16),(27,17),(27,18),(28,16),(28,17),(28,18),(29,16),(29,17),(29,18),(30,17),(30,18),

37

(37,16),(38,16),(37,17),(38,17),(39,16),(39,17),(40,16),(40,17),(41,16),(41,17),(42,16),(42,17),

38

(44,16),(45,16),(44,17),(45,17),(46,16),(46,17),(44,18),(45,18),(46,18),(47,16),(47,17),(47,18),(48,16),(48,17),

39

(32,17),(33,17),(32,18),(33,18),(34,17),(34,18),(32,19),(33,19),(34,19),(35,17),(35,18),(35,19),(36,19),

40

(50,17),(51,17),(50,18),(51,18),(52,17),(52,18),(49,19),(50,19),(51,19),(52,19),(52,20),

41

(54,17),(55,17),(54,18),(55,18),(56,17),(56,18),(54,19),(55,19),(56,19),(57,18),(57,19),(54,20),

42

(59,17),(60,17),(59,18),(60,18),(59,19),(60,19),(61,19),(62,19),(63,19),

43

(62,17),(63,17),(64,17),

44

(39,19),(40,19),(38,20),(39,20),(40,20),(41,19),(41,20),(38,21),(39,21),(40,21),(41,21),(42,20),(42,21),(39,22),(40,22),(41,22),

45

(26,20),(27,20),(27,21),(28,20),(28,21),(29,20),(29,21),(30,20),(30,21),(31,21),(32,21),(33,21),(33,22),(34,21),(34,22),(34,23),(35,21),(35,22),(35,23),(35,24),(36,22),(36,23),(36,24),(37,23),

46

(44,20),(45,20),(44,21),(45,21),(46,20),(46,21),(47,21),(48,21),(49,21),(50,21),

47

(61,21),(62,21),(63,21),

48

(64,23),(65,23),(65,24),

